0 0.2953125 0.63359375 0.0953125 0.23203125
0 0.0078125 0.59375 0.015625 0.10625
0 0.040625 0.553125 0.078125 0.1703125
0 0.1 0.53203125 0.08046875 0.16171875
0 0.13125 0.25234375 0.09140625 0.2078125
0 0.21875 0.490625 0.11796875 0.19921875
0 0.44296875 0.48046875 0.03359375 0.19453125
0 0.47890625 0.8734375 0.084375 0.23515625
0 0.48359375 0.48515625 0.0390625 0.21015625
0 0.52734375 0.48984375 0.05390625 0.2203125
0 0.5828125 0.4953125 0.0640625 0.25
0 0.64375 0.49765625 0.0703125 0.2734375
0 0.72265625 0.5046875 0.0875 0.30078125
0 0.81875 0.51640625 0.1109375 0.328125
0 0.934375 0.5328125 0.1296875 0.3796875