0 0.1234375 0.859375 0.246875 0.278125
0 0.1578125 0.4375 0.315625 0.421875
0 0.14140625 0.053125 0.25 0.103125
0 0.19609375 0.62890625 0.31015625 0.40859375
0 0.190625 0.1765625 0.2015625 0.13359375
0 0.29375 0.90703125 0.175 0.18359375
0 0.52109375 0.2359375 0.49765625 0.471875
0 0.521875 0.73515625 0.45390625 0.3265625
0 0.540625 0.61796875 0.4890625 0.3765625
0 0.46953125 0.9234375 0.26640625 0.15
0 0.68203125 0.7984375 0.4859375 0.36640625
0 0.6546875 0.03984375 0.27890625 0.0765625
0 0.78984375 0.40078125 0.325 0.48203125
0 0.81875 0.4 0.2796875 0.4765625
0 0.8421875 0.35390625 0.30234375 0.23515625
0 0.8609375 0.10859375 0.275 0.21640625
0 0.9296875 0.715625 0.1390625 0.478125